4.5212e-07  2.01227e-06  7.9709e-05  0.699372  0.720684  1.90811e-05  1.89526e-05  3.83057e-06  4.28982e-05  5.49475e-06  
9.7605e-07  9.67051e-05  0.435922  0.900752  8.91668e-06  3.31719e-05  1.02648e-05  1.16154e-05  0.000253322  1.42006e-05  
0.000281702  0.460709  1.98786e-05  4.30026e-06  1.15935e-05  6.02251e-06  9.24666e-08  2.92217e-05  0.643746  0.615062  
2.54203e-10  1.88278e-11  3.92683e-12  1.42214e-08  2.87659e-08  3.41944e-11  0.705746  0.708899  3.43138e-07  2.80965e-07  
5.11837e-07  1.67053e-08  3.51258e-11  0.876687  1.28904e-05  0.481963  2.37208e-05  1.5424e-05  1.90802e-05  5.41557e-06  
0.00113775  0.381557  1.79021e-05  7.7659e-06  1.52894e-06  0.924666  2.38433e-05  2.14027e-05  3.40449e-05  6.33555e-06  
3.7121e-07  1.27731e-08  4.77602e-09  1.66027e-05  7.68944e-09  0.537491  4.75397e-06  3.14922e-06  0.608068  0.584809  
0.675969  3.66912e-06  3.04432e-05  3.38533e-05  7.07478e-06  2.23064e-06  0.737807  8.58941e-06  1.74378e-06  1.72992e-05  
0.68126  2.3477e-06  1.86755e-06  3.51028e-06  0.737653  2.40426e-05  1.92644e-05  3.25381e-06  5.07398e-05  2.74927e-05  
1.03402e-09  1.07962e-06  1.6929e-08  0.627129  1.82244e-06  1.61881e-06  1.672e-06  6.70949e-07  0.779729  4.04701e-06  
1.01287e-05  3.60031e-05  0.551527  2.95696e-05  0.586283  2.33753e-05  9.03886e-05  0.59444  4.74537e-06  3.26082e-05  
5.82248e-09  1.25997e-07  1.66776e-05  1.7366e-05  2.65647e-05  0.601673  0.569685  0.571961  1.28405e-05  6.54339e-09  
0.580699  0.549784  1.1937e-06  0.610253  4.90232e-05  7.44415e-07  1.1612e-05  2.91035e-05  3.27087e-05  1.83977e-05  
9.9256e-06  7.13063e-07  2.72366e-07  6.15278e-06  0.51315  9.00096e-06  2.47232e-05  3.86292e-06  0.620032  0.595644  
0.512336  5.4482e-06  0.000671567  0.538468  3.52951e-05  2.12392e-05  3.50083e-05  8.47665e-06  0.670394  5.11858e-05  
9.80517e-06  0.4968  0.000151528  1.46952e-06  1.39605e-05  6.93418e-06  0.573474  1.70415e-05  5.61005e-05  0.658157  
0.50667  1.22972e-05  2.23546e-05  1.99964e-05  2.90295e-05  0.584579  9.28606e-06  2.12597e-05  1.24379e-05  0.637459  
7.52364e-06  4.47094e-07  0.364717  1.76306e-05  4.785e-06  1.27097e-05  1.53098e-05  2.06782e-06  0.931364  1.35344e-05  
7.38257e-05  3.01932e-06  0.00015571  0.563449  0.580619  2.392e-05  2.53285e-06  0.588653  4.48648e-05  3.43693e-05  
1.39466e-07  1.13113e-08  6.73343e-05  1.7914e-06  7.19851e-05  1.05372e-07  0.867319  2.41932e-06  2.05523e-07  0.498376  
7.16867e-13  1.63962e-11  1.93284e-10  4.98409e-06  1.58401e-07  5.47455e-06  0.528641  5.61705e-06  0.632156  0.607778  
2.35777e-05  0.508384  9.00789e-06  1.45295e-06  8.39575e-06  0.626053  5.39645e-07  0.591617  0.000154041  2.03495e-05  
0.511539  3.18486e-06  1.57893e-06  7.81716e-05  0.555903  0.000170952  2.24654e-05  2.34146e-05  0.655565  3.44567e-05  
9.45987e-08  8.10531e-09  6.53655e-10  3.91676e-05  0.527877  0.562182  2.27321e-05  1.19147e-06  0.63681  7.05315e-08  
2.01914e-06  5.91681e-05  0.519709  5.40026e-07  3.36808e-05  1.83108e-05  0.561994  2.16614e-06  1.80006e-06  0.644752  
1.79739e-06  9.14608e-09  0.549494  1.47585e-05  3.72328e-05  1.28439e-05  0.588969  0.593758  5.56388e-07  8.86501e-05  
1.68158e-08  5.10174e-11  5.30239e-11  4.95013e-10  1.49158e-10  1.95259e-11  1.25292e-09  0.387133  0.922027  1.25734e-07  
0.421616  2.81404e-06  0.00057857  9.12309e-06  0.911602  5.34466e-06  0.000108955  2.57627e-05  1.30839e-05  2.19548e-05  
2.26715e-05  4.61356e-07  1.29785e-05  0.692212  2.15512e-06  2.60927e-07  2.08006e-06  0.723068  2.41237e-06  2.36299e-06  
3.9026e-09  3.25399e-12  2.10524e-10  4.13591e-08  4.90151e-06  3.77053e-11  5.63306e-06  0.518071  0.616737  0.5933  
0.701383  2.81152e-05  0.714412  0.000140558  1.61116e-06  3.14353e-05  3.3323e-05  3.31384e-06  8.39613e-06  1.03015e-05  
2.00846e-05  3.42611e-07  0.490271  3.40607e-05  6.78254e-05  0.000261841  4.58591e-05  3.8269e-05  0.628949  0.604515  
0.526788  4.59731e-05  0.535114  1.77599e-05  5.31109e-05  2.65034e-05  1.60119e-09  3.75921e-05  4.92302e-05  0.660932  
0.000155406  0.000146885  0.514675  2.17874e-06  3.0409e-06  9.49077e-06  0.551274  6.80152e-06  0.658801  2.4726e-05  
4.59672e-08  1.16606e-06  1.43963e-05  2.86183e-06  0.86618  4.61138e-06  1.20545e-05  1.71126e-06  1.12644e-05  0.502149  
0.551474  0.000858333  2.72067e-05  0.577167  2.52041e-06  5.84839e-05  2.38663e-05  0.602896  4.40137e-05  2.83994e-05  
0.543045  2.29262e-05  5.66045e-05  2.44321e-06  7.07385e-06  1.81166e-05  0.592996  0.595384  6.93007e-05  1.46918e-05  
7.43909e-09  6.9366e-07  2.9004e-05  2.96839e-05  2.32597e-07  0.561539  0.531248  8.59412e-06  0.63447  3.49306e-05  
0.545352  4.7193e-06  0.555293  8.16152e-07  4.08062e-05  0.629496  0.000164483  5.81968e-06  2.98982e-05  1.47158e-05  
2.02788e-09  2.12524e-07  9.91619e-06  1.0142e-09  0.534985  1.54451e-05  5.84209e-06  0.542734  0.647873  1.88873e-05  
1.12493e-08  1.15371e-06  0.888821  0.458931  4.68405e-05  3.20661e-05  1.20997e-05  2.68939e-06  1.32067e-05  6.19657e-06  
1.47329e-09  3.16839e-08  1.21329e-09  2.01495e-10  4.07253e-08  1.42718e-06  3.53706e-10  1.32261e-11  0.720987  0.693163  
9.07104e-07  8.48858e-08  9.35291e-07  3.12468e-08  1.65806e-10  0.40378  5.52127e-07  2.65123e-06  0.914897  9.92241e-08  
5.02847e-09  2.90108e-06  1.40678e-07  6.13063e-06  0.537807  1.58011e-05  0.540611  1.13084e-05  0.646999  7.57759e-06  
5.68771e-07  4.11678e-08  1.55724e-08  4.13194e-07  0.705848  9.99964e-06  5.90625e-06  0.715423  3.36524e-06  2.23761e-05  
0.415367  1.43571e-05  2.44721e-05  2.12652e-05  3.70805e-05  1.11177e-06  4.49782e-05  0.910155  1.16407e-05  5.84701e-07  
6.18541e-06  7.06389e-09  0.552442  3.33504e-06  0.587254  4.01095e-06  0.592439  1.38517e-07  5.60402e-07  9.33671e-06  
1.12076e-09  3.90286e-08  4.31127e-08  1.9469e-10  7.80502e-08  1.6774e-10  7.06817e-08  9.05246e-13  0.461349  0.88722  
0.531215  6.07151e-06  4.1947e-05  8.02624e-06  3.19172e-05  0.616347  0.581446  2.85609e-06  2.53161e-05  9.04982e-05  
4.19116e-05  1.38698e-07  0.405191  6.0159e-06  7.57576e-07  0.917198  3.62462e-05  1.02615e-05  3.17325e-05  1.17343e-05  
0.866222  7.5863e-06  4.70312e-06  3.64973e-05  4.32567e-06  0.503251  1.98991e-08  2.16328e-05  6.46078e-08  1.43108e-05  
1.78127e-08  1.08057e-06  1.14433e-06  2.15252e-07  2.54868e-08  4.04365e-08  3.14283e-06  0.400504  4.95923e-07  0.916312  
0.440969  9.99445e-07  0.898419  1.52518e-05  4.96222e-06  5.29259e-06  4.25441e-07  3.65901e-07  2.39969e-05  3.44352e-05  
1.0314e-07  3.69808e-09  5.3674e-08  3.74823e-09  2.4391e-09  8.71315e-09  2.9253e-11  0.657902  1.52679e-07  0.753131  
1.82421e-05  0.353914  2.25972e-06  2.15186e-05  1.38372e-05  2.35995e-07  1.49036e-05  1.44933e-06  3.50972e-06  0.936216  
7.63641e-07  1.29033e-08  1.06709e-05  1.81378e-06  0.704878  4.09759e-06  0.711211  0.000461354  3.15124e-05  1.24604e-06  
1.90739e-05  0.487651  2.11243e-05  1.11965e-06  7.08694e-06  0.592996  7.56331e-06  2.25696e-05  3.29308e-05  0.64787  
2.63837e-06  3.59316e-08  6.6188e-08  1.00092  3.00048e-05  2.96838e-05  9.02039e-06  4.23631e-07  1.94675e-06  1.51566e-05  
0.000310113  0.488016  1.95217e-05  5.53355e-07  0.557452  2.31497e-05  3.08711e-05  1.12551e-05  0.672514  7.67314e-05  
0.399153  6.82154e-06  1.02743e-05  2.47795e-05  0.00013532  0.917479  2.40349e-06  9.31809e-06  1.55982e-06  4.47391e-06  
4.90036e-05  2.32035e-06  4.84185e-05  0.537605  0.551566  2.39813e-05  8.96637e-06  2.67642e-07  6.62182e-05  0.639949  
4.78531e-05  0.874791  3.17908e-06  0.485318  4.66495e-06  3.21301e-05  1.86132e-06  9.80871e-06  3.26347e-06  2.26045e-06  
0.370266  1.35416e-05  2.42289e-05  3.23073e-06  3.49014e-05  1.10076e-05  1.18969e-05  3.83193e-06  1.10321e-05  0.932076  
2.4134e-09  8.8787e-08  8.29575e-05  0.561723  1.53171e-05  6.36124e-06  0.584465  0.587538  1.4441e-05  5.58164e-05  
8.14147e-06  6.57404e-09  0.882397  1.53641e-05  1.39616e-05  1.17985e-05  0.473529  3.259e-06  1.66956e-05  4.72566e-05  
7.83248e-05  0.531665  5.77533e-05  1.36195e-05  0.608953  4.69863e-05  7.60614e-06  0.615811  5.04518e-05  4.11386e-05  
0.905874  0.427708  2.27506e-06  3.06498e-06  5.97493e-06  1.78683e-06  3.03078e-06  1.0143e-05  1.07342e-05  2.33326e-06  
0.000112673  1.36972e-07  0.883853  4.94882e-06  0.469658  9.29007e-06  1.82747e-06  2.14814e-05  1.39057e-05  9.66277e-06  
1.84222e-09  3.6487e-08  1.71924e-06  0.889114  0.458025  3.33444e-06  1.1017e-05  8.09246e-06  2.98763e-05  1.51529e-05  
0.49801  0.000142229  1.27021e-05  5.06838e-05  8.17442e-06  0.57457  4.5734e-05  4.82624e-06  0.652404  2.57584e-05  
1.51412e-05  0.340837  1.60559e-05  2.83828e-07  5.43298e-05  4.7169e-06  1.19769e-05  2.07847e-05  0.940219  6.27171e-06  
4.56612e-05  0.83498  1.47955e-05  2.34836e-06  2.09234e-05  2.39801e-05  1.68214e-05  0.000133686  8.26409e-06  0.55285  
2.1531e-11  1.15471e-08  1.84851e-10  1.17826e-06  1.06464e-06  1.69317e-06  0.641573  9.91861e-07  0.767163  1.15596e-07  
0.533056  1.52617e-05  1.19668e-05  8.61007e-05  7.73755e-07  0.616939  9.79871e-05  0.585016  2.43263e-07  3.2076e-05  
6.32061e-09  2.14588e-05  0.50512  6.50115e-07  3.29594e-05  0.572289  1.55974e-05  2.2266e-05  0.647069  3.88432e-05  
8.45544e-08  1.84765e-06  3.07054e-05  0.89088  5.77074e-06  2.01434e-05  0.462995  5.66915e-06  3.84005e-06  4.93694e-06  
0.000187193  9.78377e-09  0.000174674  1.01106e-07  3.38745e-06  0.561834  1.12616e-07  0.535219  0.634834  1.04057e-05  
3.368e-06  6.7964e-06  0.614221  4.41905e-06  8.1967e-07  4.88791e-06  2.57371e-05  2.75862e-05  0.789216  2.97371e-05  
2.60005e-09  8.86418e-11  3.62883e-12  1.3143e-09  3.94545e-06  0.662692  1.63844e-07  3.82311e-07  0.749915  1.98166e-06  
0.539876  0.509107  3.9906e-05  1.20361e-06  0.000237741  6.56338e-06  5.04805e-06  6.55885e-05  2.99776e-05  0.671166  
0.000147376  2.83415e-06  0.851003  8.78527e-07  5.10533e-07  0.000125244  2.51644e-06  3.89278e-05  2.62641e-06  0.525665  
3.55298e-06  2.64605e-07  1.69815e-07  1.07207e-07  2.80222e-08  0.677864  1.05541e-07  1.14062e-07  1.0802e-06  0.738462  
4.84676e-06  0.601581  2.67677e-05  1.07734e-07  4.41193e-05  6.17722e-05  1.7511e-05  7.08779e-06  2.00051e-05  0.799211  
0.877668  4.18837e-05  6.09412e-05  1.35672e-05  1.61143e-06  4.34903e-06  0.480115  2.4039e-07  1.26512e-05  4.7313e-05  
0.540194  9.16895e-05  6.2086e-06  0.567186  4.80556e-05  0.622611  0.000807202  2.66075e-06  1.74018e-05  7.80254e-05  
4.43353e-05  1.06819e-07  0.541602  5.22256e-08  0.574202  0.614508  2.6825e-06  1.42418e-06  0.000159055  2.85109e-06  
2.01563e-05  6.36126e-10  1.03271e-05  0.673859  5.88096e-06  0.740059  1.07055e-05  1.73275e-05  1.07153e-05  2.78504e-08  
4.94885e-08  3.78847e-07  1.88623e-05  0.887344  1.74766e-06  2.36332e-06  5.60729e-07  0.463188  1.1026e-05  9.18605e-06  
0.544324  5.21584e-05  9.96056e-05  4.50071e-07  0.590803  6.12962e-06  1.31809e-06  0.597043  1.45576e-05  8.88426e-05  
5.55242e-06  4.40074e-08  0.518957  0.536313  8.38591e-06  2.18815e-05  7.03267e-05  2.27519e-05  0.666827  2.98928e-05  
8.46332e-05  0.866  4.40368e-05  8.39144e-08  6.15703e-05  4.42468e-05  1.98415e-06  0.500568  1.17729e-05  2.76739e-06  
0.000394199  1.11947e-08  0.000215835  0.372606  3.45918e-05  1.34606e-05  1.73844e-05  1.11856e-05  0.928576  2.82312e-07  
0.607291  1.56341e-05  1.52971e-05  6.22956e-07  2.06707e-05  2.14016e-05  3.15022e-06  1.26939e-05  0.794898  1.81688e-05  
1.36526e-05  6.09599e-08  0.842111  4.31083e-05  1.19533e-05  6.95942e-06  3.97748e-05  4.97572e-06  0.539814  3.19314e-07  
1.08304e-05  4.08399e-07  0.539645  1.11328e-05  9.58026e-06  0.611299  0.579711  4.76299e-05  2.51406e-05  1.57101e-05  
2.39503e-06  8.97768e-08  1.00069  5.87754e-07  5.81892e-06  2.02256e-05  2.8512e-08  1.31959e-06  2.21957e-06  2.65003e-05  
0.571549  0.542193  2.46738e-05  1.2784e-05  0.617792  3.77836e-05  8.54287e-07  3.19001e-06  3.35747e-05  8.87321e-06  
2.57288e-07  2.28497e-10  7.04705e-09  2.1037e-06  0.535051  0.570216  6.61959e-05  4.54332e-06  3.43724e-06  0.623742  
8.333e-05  8.27363e-05  0.629577  1.62479e-05  1.4775e-05  1.00063e-05  1.51034e-06  5.32393e-06  2.21612e-06  0.777588  
1.92346e-05  4.5874e-06  6.45403e-08  0.535878  4.58566e-06  4.7541e-06  0.557156  1.47689e-06  2.16311e-06  0.638799  
2.46565e-08  1.48187e-11  2.9135e-08  3.04751e-06  0.893066  2.66305e-05  2.77048e-06  0.452203  1.07802e-05  1.66984e-05  
8.82717e-09  3.47315e-07  1.7162e-05  2.53014e-07  0.383227  2.77599e-06  1.86515e-06  1.10979e-06  0.92445  6.27797e-06  
2.58079e-05  5.71027e-06  0.000657762  0.532983  0.00017255  1.01161e-05  3.57583e-06  0.556476  4.0714e-06  0.637541  
5.46925e-06  1.33112e-07  0.521039  2.61015e-05  3.14961e-06  1.32833e-05  1.87889e-06  0.561152  2.92874e-06  0.643515  
0.699429  1.04778e-05  1.52038e-06  0.734408  7.98116e-05  2.36135e-05  4.93142e-05  1.65562e-06  2.7561e-06  4.69069e-06  
2.44292e-10  1.55263e-14  5.21157e-08  3.40261e-07  1.12685e-05  1.2027e-05  0.539165  0.541639  0.645016  1.10975e-08  
0.000124326  0.854614  2.94906e-06  3.63239e-07  5.06209e-05  0.520718  4.20576e-05  2.16457e-05  4.26115e-05  5.75509e-06  
0.00104146  0.526569  7.38015e-05  3.52488e-06  0.600431  0.645332  6.8916e-06  9.41826e-05  5.70768e-07  0.000176073  
9.15534e-06  2.99231e-07  0.000108758  0.862119  1.26632e-05  1.16841e-05  9.54102e-06  5.26631e-06  1.43552e-05  0.515248  
5.27996e-06  1.24003e-07  0.683345  3.43199e-05  4.16274e-06  1.75431e-05  9.29629e-07  0.735953  3.84333e-06  1.27908e-05  
5.77493e-05  0.658814  8.33147e-06  8.4326e-07  0.752606  6.99259e-07  8.54036e-06  3.39243e-05  4.13802e-05  6.91397e-05  
1.66761e-06  1.40786e-07  9.00933e-08  2.2468e-05  0.545329  1.47737e-05  0.550719  1.94358e-06  2.78461e-06  0.632093  
2.48673e-05  8.60796e-10  2.03816e-07  0.552871  0.569982  0.60823  3.02792e-05  1.53154e-05  1.27873e-05  2.84786e-06  
2.39713e-07  7.81691e-10  6.36355e-07  1.23776e-08  0.638822  1.90049e-05  6.65022e-07  0.000174744  0.770853  1.2836e-05  
6.40113e-08  0.000243371  8.92528e-07  0.524505  9.30317e-05  0.576026  2.4619e-06  2.55281e-06  3.19024e-06  0.627096  
1.11709e-09  1.80862e-07  1.50095e-09  3.36479e-08  1.43454e-10  0.726296  0.687731  2.4908e-06  7.76604e-07  2.12081e-06  
0.892302  0.000346982  0.453671  1.63084e-05  0.000284249  1.07374e-06  1.78434e-07  3.17543e-06  1.06165e-05  4.63623e-05  
0.62312  2.06803e-05  3.67586e-05  1.09313e-05  5.7365e-05  6.07595e-06  1.49765e-05  3.79678e-06  1.46669e-05  0.782686  
8.39144e-08  2.94859e-05  0.557472  0.575582  8.36866e-05  6.93981e-05  0.000130612  0.600407  2.84607e-06  7.97334e-05  
2.16228e-07  2.2059e-11  2.19827e-07  2.2326e-08  2.4301e-07  0.727205  3.77677e-06  0.691273  1.71474e-05  1.72723e-06  
0.838519  3.7244e-05  1.43362e-05  1.45308e-05  1.19261e-05  6.99121e-07  9.85076e-05  1.4569e-05  0.545391  7.6532e-05  
9.79281e-16  8.33161e-16  5.20064e-14  1.56567e-12  6.50014e-10  4.2308e-08  1.30866e-10  2.78795e-12  1.0001  3.76304e-09  
1.66711e-06  6.16154e-08  0.69654  0.718238  5.8179e-06  1.95829e-05  2.85069e-08  0.000117259  2.63281e-06  2.64956e-05  
0.570007  0.54002  0.000231081  1.19277e-05  8.44168e-06  0.000105497  0.623342  8.69976e-06  7.93527e-06  2.52766e-06  
2.02149e-06  8.82031e-08  2.07887e-06  3.82974e-07  6.63602e-11  0.879009  7.32912e-07  8.71636e-06  3.64315e-06  0.478305  
5.29946e-08  7.1987e-06  0.376176  4.72102e-06  1.08111e-06  1.19009e-05  8.38035e-07  2.77237e-06  1.35798e-06  0.927151  
0.000254461  0.402462  1.60787e-05  5.4257e-07  0.915775  2.7703e-05  4.80723e-05  7.88928e-06  7.05846e-05  8.99521e-05  
2.78e-06  4.87535e-07  1.99848e-07  4.5001e-05  5.8579e-06  0.56931  5.59818e-06  0.540712  1.93617e-06  0.619978  
0.551547  2.38994e-05  0.000169878  0.578567  2.02982e-05  1.44414e-05  0.601676  1.49885e-05  3.32716e-05  3.774e-06  
4.945e-10  5.39187e-11  2.64882e-10  6.08958e-10  5.42829e-08  2.40554e-09  1.97767e-11  1.00032  1.77307e-08  2.04612e-09  
4.97083e-08  7.8181e-12  5.12423e-08  6.94204e-09  4.35819e-10  0.903887  0.427999  4.05547e-08  1.24016e-06  9.00442e-06  
0.587423  0.553974  0.597593  1.62582e-06  5.7913e-05  1.25503e-05  6.85521e-06  9.09289e-05  4.05806e-05  0.00285318  
1.92241e-07  6.92683e-09  9.66366e-06  0.694332  1.63214e-05  1.40313e-05  0.721708  6.08157e-06  9.67722e-06  2.94031e-05  
0.847152  4.38768e-06  1.34102e-05  2.21914e-05  1.48466e-06  4.86232e-06  3.37851e-07  1.58443e-06  3.80381e-06  0.531525  
0.000128377  0.492834  0.000160889  0.549282  0.000102154  9.70268e-06  0.000195343  7.40729e-06  0.676851  2.12854e-05  
6.90479e-06  7.35833e-09  7.68344e-10  8.26337e-08  0.435911  6.96008e-07  0.901431  2.16177e-07  1.7867e-06  1.245e-05  
2.28226e-08  2.13869e-06  0.55805  0.575421  1.36779e-05  3.67298e-06  0.598968  1.26406e-05  5.30462e-07  1.53221e-05  
0.00112934  0.529819  0.000184465  0.58756  6.49986e-06  0.000213551  0.613439  1.17731e-05  2.47759e-05  4.67223e-05  
1.89421e-05  1.28404e-06  1.28123e-07  9.60794e-06  0.882973  0.470369  1.11193e-05  1.08971e-05  3.81041e-06  3.75313e-06  
0.000184165  0.544928  0.585521  0.602111  0.000220812  6.82441e-05  2.72267e-05  1.56412e-05  3.44395e-05  7.51221e-05  
2.80937e-11  1.02321e-12  2.41436e-12  4.9355e-08  2.85654e-12  5.85669e-09  0.398916  4.5546e-07  2.23503e-07  0.917095  
0.517336  2.89586e-05  2.30836e-05  2.16011e-05  0.559415  2.46325e-05  6.11373e-06  7.44972e-06  5.18204e-05  0.648935  
6.48753e-07  3.35836e-08  7.77886e-05  0.436306  0.899827  1.6797e-05  1.42487e-06  2.35713e-05  4.88057e-06  1.17597e-05  
1.90245e-05  5.68853e-09  0.422354  1.20332e-06  2.67865e-05  1.17394e-05  3.3472e-06  0.907853  1.38014e-05  2.51708e-05  
0.00141557  2.88629e-06  0.539198  1.42312e-05  1.12371e-06  0.610785  3.62578e-06  0.580901  5.30225e-06  4.45239e-06  
6.03897e-06  2.75647e-09  0.52743  0.545781  1.00014e-05  7.24569e-06  1.63463e-05  7.371e-06  7.59387e-06  0.651805  
3.089e-08  3.41652e-09  3.39858e-08  1.30644e-12  2.1714e-12  6.97662e-07  1.00134  1.97823e-06  9.51293e-08  8.71466e-08  
0.523524  5.08103e-05  0.53319  3.58985e-07  5.35641e-05  2.32112e-05  7.8684e-08  3.71343e-05  0.683944  7.08201e-06  
2.23802e-07  7.4049e-06  0.685683  2.21423e-06  0.728823  2.87044e-05  1.10306e-05  1.01631e-06  4.30709e-05  9.96839e-08  
9.11937e-05  0.519977  1.42961e-05  0.575694  3.60605e-05  0.631409  3.44156e-05  9.01356e-05  1.23469e-06  1.28235e-05  
0.558591  2.0808e-05  0.569261  0.000127234  5.75307e-05  0.000350831  0.610814  5.556e-08  1.83963e-05  1.0665e-05  
4.68859e-05  0.524883  0.562439  1.46806e-06  4.07809e-05  0.641638  0.000231128  3.04239e-05  6.93027e-05  1.40707e-06  
0.000177668  0.521653  0.000322313  2.23215e-05  8.1311e-07  3.03284e-06  0.60237  0.605331  9.88925e-07  4.39654e-05  
1.25074e-06  7.83892e-08  5.20643e-10  7.15717e-06  1.0019  6.72349e-06  9.79885e-07  2.96564e-06  5.27846e-06  1.18766e-05  
9.47052e-06  7.85535e-07  1.08637e-08  0.551719  9.22349e-06  0.605838  0.573433  2.35979e-07  4.9142e-06  2.86677e-05  
0.544504  2.70943e-05  5.37884e-07  2.59649e-06  0.592757  9.36132e-06  0.594118  2.13882e-05  1.09668e-05  0.00021909  
2.32188e-05  0.541845  0.583592  4.26972e-07  3.40352e-05  1.34258e-05  2.22878e-06  0.629415  1.13186e-05  1.86287e-07  
0.522492  1.68641e-05  3.26613e-05  0.549127  2.44685e-06  3.51034e-06  2.26613e-05  3.31645e-05  3.30999e-05  0.652937  
2.11269e-05  0.396062  1.23678e-05  2.32031e-07  1.64995e-05  2.21631e-07  1.92791e-05  0.918679  4.5563e-05  8.4975e-05  
1.88784e-10  4.62493e-12  1.47478e-09  4.39751e-06  8.77727e-06  3.35394e-07  0.446185  0.894995  7.9053e-06  1.63491e-07  
6.15993e-11  4.60109e-14  1.69406e-09  4.78391e-08  0.442403  5.83403e-06  7.826e-07  0.896898  2.40003e-06  1.1767e-06  
0.000122708  0.637302  2.8744e-05  7.52321e-05  1.05871e-05  0.774975  1.00042e-06  5.69204e-06  1.85188e-05  3.16654e-05  
0.00278677  0.866686  3.03772e-05  2.07924e-05  2.87043e-06  1.14706e-05  0.499368  1.93072e-05  4.35305e-06  7.61668e-06  
1.60691e-07  2.84784e-06  1.59584e-06  2.08952e-05  0.562516  0.6001  2.36527e-06  0.569568  4.70876e-05  9.18073e-06  
0.467912  0.884195  6.19894e-05  1.26952e-06  4.32056e-05  3.56351e-05  3.23962e-05  1.6739e-06  4.13286e-05  2.05042e-06  
0.000114665  0.500963  0.000146039  0.557221  3.4596e-05  2.03352e-05  2.55922e-05  8.71004e-06  2.45035e-05  0.662473  
2.13306e-05  2.09294e-05  3.04113e-05  0.642542  2.76508e-06  3.44661e-06  1.92426e-05  2.70491e-07  1.18713e-06  0.76757  
3.12945e-09  4.71189e-05  0.870591  3.27135e-07  5.31605e-05  0.492815  1.20407e-05  1.30139e-05  3.40075e-05  1.47507e-05  
1.8708e-07  1.53399e-05  8.1257e-06  0.431787  3.00588e-05  8.26822e-06  2.11376e-06  0.902406  2.96998e-06  3.6612e-07  
0.517969  9.24016e-06  2.00588e-05  2.33241e-05  1.37257e-05  6.70023e-05  0.561273  1.22679e-05  2.32726e-05  0.647151  
5.47174e-08  2.1659e-05  0.512848  2.09062e-08  9.08733e-06  0.581221  2.05466e-06  2.09028e-06  2.913e-06  0.632967  
5.19467e-09  9.08187e-05  0.523756  6.76283e-07  0.556937  1.05328e-06  1.45362e-05  6.85224e-07  1.41255e-05  0.645313  
0.000593136  0.497185  2.93774e-05  2.34938e-07  3.15916e-05  1.3845e-05  0.000225515  0.574276  4.0746e-05  0.662433  
1.68328e-10  1.67998e-11  3.72222e-09  3.90187e-11  2.15986e-07  2.23762e-11  5.38082e-11  0.867885  2.52165e-07  0.496836  
0.565456  7.48021e-05  0.574393  0.593  7.22161e-05  3.52599e-05  2.7857e-07  4.88898e-07  1.09664e-05  1.02695e-05  
8.64548e-05  2.10814e-05  1.45529e-06  0.435824  1.69558e-05  1.26473e-05  0.900218  2.88059e-06  1.38512e-06  2.57215e-05  
1.87135e-08  1.76194e-08  1.19371e-09  9.36412e-07  0.424778  0.905676  3.14913e-06  9.69191e-06  1.35924e-05  1.48568e-06  
0.417134  2.05593e-05  7.26385e-05  2.42152e-06  1.48627e-06  6.64784e-06  0.910205  0.000475783  3.09345e-05  5.42681e-05  
1.20559e-07  1.93352e-11  9.86512e-05  0.529055  2.06947e-05  2.36682e-07  4.74813e-06  0.551511  0.656613  1.29067e-05  
4.05763e-05  0.822618  2.50382e-05  2.67233e-06  5.13253e-05  3.73144e-06  3.5486e-05  5.47266e-06  0.569122  1.14412e-05  
6.57946e-08  2.12016e-09  1.76259e-05  0.527038  0.543634  5.53456e-06  1.31363e-06  3.63272e-05  0.656057  3.58459e-05  
4.34148e-14  3.87099e-09  4.50928e-08  5.16521e-08  5.91911e-08  2.01883e-09  0.893686  0.448792  9.0439e-07  4.67634e-07  
8.24953e-06  7.1166e-07  1.56068e-07  0.850309  7.28523e-06  7.43903e-06  1.59722e-07  1.60492e-06  0.528371  6.93314e-06  
2.55751e-13  2.56352e-10  5.73288e-09  1.44156e-06  4.92631e-05  0.417359  1.00433e-07  3.51857e-06  1.49111e-06  0.908827  
0.00038061  0.655708  6.34059e-06  4.30034e-06  3.19747e-05  3.19094e-05  0.757167  1.71798e-05  2.26925e-06  3.26754e-05  
4.31824e-10  7.49021e-10  6.13427e-08  9.40454e-07  1.39549e-10  8.37803e-08  0.547951  0.550538  1.25248e-06  0.630107  
5.46989e-08  2.5475e-09  7.62671e-08  1.86214e-06  1.91891e-06  3.77371e-06  0.656509  1.1059e-07  7.76642e-06  0.754834  
1.10022e-12  3.68599e-11  2.05583e-12  1.54742e-08  2.74508e-07  3.54087e-07  0.385974  4.35238e-08  0.922859  1.34347e-06  
0.55767  0.527979  1.89821e-05  3.25055e-07  1.88963e-05  0.643048  1.8285e-05  3.03454e-05  8.29212e-06  1.83166e-05  
0.000156696  3.03581e-09  0.425146  8.74562e-06  0.906032  2.10046e-06  1.40193e-06  2.50323e-05  1.3594e-05  4.61465e-06  
0.000237901  2.99641e-06  0.546909  0.564663  8.04339e-05  0.619472  5.5567e-05  9.89633e-06  3.29841e-06  3.44092e-05  
2.4811e-09  1.86737e-10  2.844e-08  1.08706e-06  0.653884  1.10264e-05  7.71669e-07  3.42093e-06  2.2452e-06  0.758264  
2.11799e-08  1.04877e-09  1.02693e-09  4.38112e-05  0.563153  0.599184  0.56999  1.4642e-05  3.46917e-06  2.57939e-05  
1.158e-05  0.412665  9.26043e-06  0.916559  1.63906e-06  1.39064e-05  1.15922e-05  4.50345e-07  2.5846e-06  1.95409e-05  
0.877817  3.70808e-05  0.000126711  1.24479e-06  4.29572e-06  3.91185e-06  2.50687e-06  0.48211  1.0908e-05  1.62585e-05  
2.76109e-06  0.539217  0.579717  1.72435e-05  0.612409  7.66536e-06  0.00014655  0.000270795  2.20336e-05  1.16249e-05  
2.48193e-07  7.85381e-09  1.30312e-07  7.3196e-06  1.77907e-09  0.870295  1.95294e-07  3.46215e-07  0.492724  3.68699e-07  
0.504597  1.20772e-05  2.37706e-05  3.0029e-06  1.788e-06  3.9186e-06  0.552066  2.45897e-06  0.66547  5.38325e-05  
0.000219462  0.484147  1.4588e-05  7.39277e-05  5.65047e-05  4.59955e-05  0.560789  1.42978e-05  0.675007  5.41844e-05  
0.000178348  0.670887  3.6167e-05  0.742867  4.92513e-05  7.25797e-06  1.26872e-05  5.71141e-06  3.25355e-05  5.25168e-05  
3.33519e-09  6.79518e-11  2.60907e-10  8.33e-08  9.87239e-08  4.44211e-11  1.3319e-07  0.643113  0.765807  4.61347e-07  
1.45013e-06  0.507559  0.541565  1.74749e-05  2.59674e-05  4.27861e-06  2.9175e-05  1.54052e-05  1.63642e-05  0.67204  
0.0013457  0.49635  0.5337  1.50474e-06  1.18577e-05  2.29842e-05  1.20888e-06  2.2453e-06  0.686044  3.42505e-05  
5.28259e-05  6.88609e-06  0.517257  4.06849e-05  0.548518  6.55757e-06  0.000155526  4.20901e-06  0.660624  1.80587e-05  
4.66398e-07  2.38175e-09  2.92651e-10  8.548e-08  7.93586e-09  1.0402  4.6414e-06  5.80758e-07  1.6336e-07  1.7811e-05  
5.36853e-06  1.00111  1.90884e-05  7.91186e-07  5.30744e-05  8.93322e-07  9.71858e-07  3.03372e-05  3.80877e-05  1.84394e-06  
0.534698  0.000256086  2.87636e-05  2.77312e-06  0.578959  0.616515  3.27699e-06  8.77228e-05  1.65198e-05  2.26617e-05  
0.483779  4.24837e-05  1.07828e-05  2.51348e-05  3.39404e-05  0.00115678  5.53593e-06  1.63005e-07  0.632751  0.605089  
0.432902  1.03409e-05  1.24019e-06  0.906213  6.12233e-06  1.02637e-05  2.92734e-05  1.03534e-05  1.69404e-06  1.46049e-05  
1.6671e-07  2.69159e-06  0.564643  0.582253  0.600623  6.40825e-06  0.00123584  2.23011e-05  1.74832e-05  3.9088e-05  
2.82689e-06  2.26135e-05  0.422199  2.29306e-05  9.30814e-06  9.31705e-07  0.906834  1.6125e-06  4.13305e-06  1.93349e-05  
0.515524  2.31151e-05  1.39115e-06  7.21515e-06  3.75337e-05  3.66144e-07  9.23705e-06  0.564432  1.83386e-05  0.646498  
1.08594e-09  2.53459e-11  2.1264e-06  2.14478e-05  3.62148e-06  0.90642  1.38279e-06  0.431087  4.01386e-06  1.29769e-05  
4.0067e-08  2.88568e-09  6.71078e-05  2.68154e-09  0.893958  2.77369e-05  0.448848  1.09933e-05  3.69817e-07  1.14816e-07  
2.07781e-11  5.6688e-13  1.55871e-09  3.54169e-13  4.47044e-07  4.61591e-07  0.858903  3.06219e-06  0.513701  4.18133e-06  
0.000215701  0.397657  5.55514e-06  2.63087e-06  1.41871e-05  2.49385e-06  0.917647  2.15952e-05  1.85954e-05  0.000149592  
0.000496049  0.869539  6.92258e-05  2.27703e-05  0.495524  7.26925e-06  2.85568e-06  6.81521e-06  1.08962e-05  6.30999e-06  
1.14454e-07  1.23227e-06  1.91896e-08  2.22087e-08  1.44443e-06  0.000360852  6.79493e-10  0.859392  0.511535  2.97201e-07  
7.98705e-08  7.11712e-08  5.01535e-06  4.12612e-08  0.684901  0.729545  1.8445e-06  9.16674e-06  7.7447e-06  2.51775e-06  
2.13503e-06  3.12328e-09  4.65533e-08  1.14429e-07  9.27432e-08  0.569751  0.539501  2.82736e-06  5.56393e-07  0.620244  
0.885075  2.03272e-05  2.5278e-06  0.46627  4.99534e-06  1.12885e-05  2.87526e-05  4.74624e-06  2.04954e-06  3.61633e-05  
2.60599e-05  0.00013267  0.880341  9.03157e-07  6.03508e-06  2.89856e-07  2.89939e-05  0.474548  2.36063e-06  2.04029e-06  
5.39847e-07  2.06957e-06  5.7636e-05  0.517975  1.92679e-06  0.568862  8.48079e-06  1.12346e-05  0.644079  7.37178e-05  
1.42522e-06  1.74329e-09  2.69484e-08  0.415003  1.88817e-06  0.910127  5.64245e-05  2.54827e-05  2.27628e-06  2.19466e-06  
0.000122564  0.656026  3.19855e-05  4.28526e-06  7.60919e-06  1.49139e-06  1.11404e-06  0.758927  1.34802e-05  3.0802e-05  
0.88032  7.78537e-05  3.54047e-05  1.89217e-05  0.475592  2.12045e-06  1.22981e-06  5.88993e-07  1.35882e-05  4.67148e-06  
0.358191  1.70904e-06  1.41814e-05  1.10551e-06  2.73813e-05  3.63908e-06  7.35498e-05  1.60053e-05  0.934228  1.735e-06  
1.20103e-11  1.24262e-12  1.04956e-07  1.56085e-10  3.56139e-12  2.73476e-05  2.71395e-07  2.13353e-10  0.9014  0.433194  
4.32785e-05  1.71838e-06  0.662127  1.3947e-05  4.96218e-05  0.750403  1.03029e-06  1.1599e-05  1.00229e-06  1.88987e-05  
0.000924508  0.512439  1.4507e-06  4.47994e-06  2.04667e-05  0.623231  0.590857  1.03419e-05  2.3654e-06  1.50615e-05  
1.36104e-09  2.32756e-10  7.48218e-10  2.4452e-05  0.546966  4.78777e-05  3.92565e-06  0.547686  1.29686e-05  0.633636  
0.55959  9.80101e-05  0.568495  0.00164762  0.605105  0.000232015  4.36823e-05  7.74804e-05  8.6002e-05  4.23135e-06  
2.92854e-05  0.681545  0.73278  6.61592e-06  4.32975e-05  3.5554e-05  2.10516e-06  9.03426e-06  1.88883e-05  2.54821e-06  
2.89366e-05  0.586642  1.78558e-05  1.90574e-06  1.93447e-05  2.66104e-06  2.53065e-05  3.90277e-06  0.810217  4.35343e-05  
6.08259e-05  1.15413e-06  0.000468734  0.564101  0.582632  7.76335e-06  0.58704  7.01156e-07  1.92227e-07  2.02015e-05  
4.3293e-09  1.17903e-10  9.80698e-11  1.57957e-10  4.67622e-09  7.2952e-09  1.00619e-10  1.87522e-08  1.73505e-08  1.00309  
5.52276e-07  1.40038e-11  3.12225e-09  1.63355e-05  0.395205  1.16185e-05  3.25043e-06  1.00038e-06  1.18341e-06  0.918757  
9.56485e-09  1.77958e-05  2.64429e-06  0.551056  6.56996e-07  0.605474  1.62923e-06  0.575338  5.26108e-06  2.25426e-05  
5.15595e-05  8.67081e-07  3.03943e-05  0.386096  2.17394e-06  3.35461e-06  1.23232e-05  1.80826e-06  2.91285e-06  0.923331  
0.529137  0.500429  0.000107795  1.31741e-05  3.06385e-06  1.35267e-05  2.55648e-05  6.3111e-06  0.692669  4.73011e-06  
7.4668e-05  0.53198  6.07567e-06  0.59028  0.608059  1.52688e-06  7.06095e-07  3.0526e-05  0.000360117  4.67571e-07  
0.509862  1.65003e-05  2.80566e-05  2.77013e-06  3.95667e-05  5.29428e-05  1.18884e-06  0.554295  0.662588  3.94277e-07  
4.2254e-10  2.2758e-08  7.33387e-07  4.10302e-06  0.573924  1.35055e-06  0.578673  0.580977  8.45852e-06  1.95042e-05  
0.000222557  0.477836  1.20379e-05  4.07492e-08  2.80777e-05  0.581158  5.45982e-06  1.01926e-05  0.659406  1.2927e-05  
6.20658e-12  1.75758e-08  8.70002e-05  0.501787  1.81315e-06  9.05782e-05  1.49821e-05  5.80147e-06  0.623801  0.599839  
8.64439e-06  0.882387  0.474355  1.73869e-06  1.69275e-06  1.24997e-05  6.85983e-06  9.09722e-05  4.30604e-05  2.06799e-06  
1.5733e-08  2.05469e-10  2.45623e-06  1.01909e-06  2.60511e-06  0.465414  4.88134e-07  0.885262  1.32513e-06  4.59902e-08  
2.58638e-05  1.05686e-06  0.512816  4.66624e-08  6.67666e-06  3.73634e-06  6.78625e-06  0.552196  0.65888  1.50025e-05  
4.99589e-05  0.000174535  0.681987  1.19619e-05  6.07127e-06  8.45847e-06  0.732679  1.18278e-05  1.06461e-05  1.42056e-05  
0.674631  1.43577e-05  8.00845e-06  5.01237e-07  4.89056e-05  1.55253e-06  5.48849e-06  0.738607  2.2647e-05  1.00264e-05  
5.57806e-08  9.01728e-11  3.67182e-09  3.87688e-05  3.58258e-07  0.467492  0.884921  6.09414e-07  5.8444e-06  2.14092e-06  
0.655174  2.8349e-05  4.56417e-05  9.3902e-06  1.98877e-05  0.755717  1.64387e-05  6.67412e-06  1.04916e-06  9.07589e-05  
0.726992  0.688286  1.49443e-06  4.23749e-07  4.8402e-05  7.40865e-07  1.16766e-05  2.89647e-05  3.25527e-05  1.83099e-05  
0.554049  8.18035e-06  1.2005e-06  0.581128  0.601287  2.88316e-05  4.36647e-05  7.84859e-06  5.99978e-06  2.4345e-05  
1.68745e-05  0.486023  6.62262e-05  0.000205004  3.68409e-05  2.73792e-05  6.62315e-05  0.563901  0.671215  3.91348e-05  
4.056e-05  0.49607  1.73437e-05  2.18875e-05  0.569305  8.47359e-06  3.1464e-06  1.85445e-05  8.72959e-06  0.660419  
0.000257762  0.536183  0.576455  8.37428e-07  5.74011e-05  2.51071e-05  0.617587  1.1657e-05  1.95981e-05  3.51846e-05  
1.00086  4.65769e-05  1.67479e-05  5.67692e-07  5.50609e-06  4.12219e-07  1.1144e-05  1.74063e-05  2.37852e-06  1.52527e-05  
0.570529  0.536437  0.00196373  7.55899e-07  4.9144e-05  2.18354e-05  5.21091e-06  0.623599  3.94779e-05  1.61538e-05  
0.555242  5.0637e-06  0.565336  5.88271e-07  6.05899e-06  8.83261e-06  3.38758e-07  0.610026  2.2893e-05  1.35932e-05  
0.000121332  0.528789  0.000185218  0.587386  4.2108e-05  0.000213212  9.76299e-05  0.613258  5.73999e-05  1.55955e-05  
2.02141e-05  0.419035  0.909172  4.25288e-05  7.98996e-06  3.82105e-05  7.97079e-06  4.32606e-06  3.09648e-05  5.62057e-05  
3.25681e-06  1.48924e-08  6.12628e-08  3.40592e-06  0.856929  2.663e-05  8.90012e-08  8.0353e-06  0.516239  7.53881e-06  
2.43728e-05  0.523838  5.1934e-06  2.61166e-05  0.601174  4.60306e-05  0.605204  5.01641e-07  5.82268e-06  2.77057e-05  
5.82318e-05  2.56689e-08  1.70425e-06  0.530008  2.26523e-06  1.61793e-05  0.550702  9.83723e-07  0.657436  3.82867e-06  
0.00867066  0.205839  0.000282717  0.00296484  0.358075  3.0058e-06  0.0206398  1.061e-05  0.914411  2.19381e-05  
0.371006  1.98965e-05  2.42773e-05  0.000226586  5.66847e-06  1.18339e-05  1.19207e-05  3.83959e-06  1.09105e-05  0.933938  
1.73064e-08  1.52329e-07  0.000352413  0.000384677  9.1674e-05  0.846922  4.70211e-05  8.37432e-06  0.543193  3.32351e-05  
0.000422754  3.52493e-07  2.18962e-05  0.00447978  0.530902  4.08401e-06  0.61014  0.0240129  0.000179727  0.59602  
2.89465e-06  0.00858352  4.66039e-08  0.542346  2.70866e-06  0.315127  1.65577e-06  9.42717e-07  0.791257  1.44244e-05  
0.397797  4.05822e-05  0.404418  0.0733894  0.437702  0.00295887  6.29215e-07  0.69477  2.9847e-05  1.72275e-06  
8.63454e-06  0.307701  6.90497e-06  0.627556  1.92097e-05  9.66962e-06  0.722005  0.0244605  2.51444e-06  1.95412e-05  
0.000774568  0.649267  2.24209e-06  3.06802e-07  0.0352925  0.392517  0.000344504  0.0132161  7.33052e-06  0.662463  
2.32668e-06  4.69509e-06  0.424672  2.56357e-06  0.443758  4.88791e-06  2.57371e-05  1.92552e-07  0.789216  9.93539e-06  
7.5861e-07  2.62442e-05  1.97778e-06  0.0154671  3.0046e-05  0.0195756  1.00017  3.03181e-05  3.80638e-05  1.84278e-06  
4.98555e-06  4.60462e-05  0.012981  1.25174e-09  0.789247  0.614527  3.34034e-06  1.42422e-06  0.00015906  2.85118e-06  
