0 0 0 0 0 0 0 0 1 
0 0 0 0 0 0 0 0.447214 0.894427 
0 0 0 0 0 0 0 0.894427 0.447214 
0 0 0 0 0 0 0 1 0 
0 0 0 0 0 0 0.447214 0 0.894427 
0 0 0 0 0 0 0.57735 0.57735 0.57735 
0 0 0 0 0 0 0.447214 0.894427 0 
0 0 0 0 0 0 0.894427 0 0.447214 
0 0 0 0 0 0 0.894427 0.447214 0 
0 0 0 0 0 0 1 0 0 
0 0 0 0 0 0.447214 0 0 0.894427 
0 0 0 0 0 0.57735 0 0.57735 0.57735 
0 0 0 0 0 0.447214 0 0.894427 0 
0 0 0 0 0 0.57735 0.57735 0 0.57735 
0 0 0 0 0 0.57735 0.57735 0.57735 0 
0 0 0 0 0 0.447214 0.894427 0 0 
0 0 0 0 0 0.894427 0 0 0.447214 
0 0 0 0 0 0.894427 0 0.447214 0 
0 0 0 0 0 0.894427 0.447214 0 0 
0 0 0 0 0 1 0 0 0 
0 0 0 0 0.447214 0 0 0 0.894427 
0 0 0 0 0.57735 0 0 0.57735 0.57735 
0 0 0 0 0.447214 0 0 0.894427 0 
0 0 0 0 0.57735 0 0.57735 0 0.57735 
0 0 0 0 0.57735 0 0.57735 0.57735 0 
0 0 0 0 0.447214 0 0.894427 0 0 
0 0 0 0 0.57735 0.57735 0 0 0.57735 
0 0 0 0 0.57735 0.57735 0 0.57735 0 
0 0 0 0 0.57735 0.57735 0.57735 0 0 
0 0 0 0 0.447214 0.894427 0 0 0 
0 0 0 0 0.894427 0 0 0 0.447214 
0 0 0 0 0.894427 0 0 0.447214 0 
0 0 0 0 0.894427 0 0.447214 0 0 
0 0 0 0 0.894427 0.447214 0 0 0 
0 0 0 0 1 0 0 0 0 
0 0 0 0.447214 0 0 0 0 0.894427 
0 0 0 0.57735 0 0 0 0.57735 0.57735 
0 0 0 0.447214 0 0 0 0.894427 0 
0 0 0 0.57735 0 0 0.57735 0 0.57735 
0 0 0 0.57735 0 0 0.57735 0.57735 0 
0 0 0 0.447214 0 0 0.894427 0 0 
0 0 0 0.57735 0 0.57735 0 0 0.57735 
0 0 0 0.57735 0 0.57735 0 0.57735 0 
0 0 0 0.57735 0 0.57735 0.57735 0 0 
0 0 0 0.447214 0 0.894427 0 0 0 
0 0 0 0.57735 0.57735 0 0 0 0.57735 
0 0 0 0.57735 0.57735 0 0 0.57735 0 
0 0 0 0.57735 0.57735 0 0.57735 0 0 
0 0 0 0.57735 0.57735 0.57735 0 0 0 
0 0 0 0.447214 0.894427 0 0 0 0 
0 0 0 0.894427 0 0 0 0 0.447214 
0 0 0 0.894427 0 0 0 0.447214 0 
0 0 0 0.894427 0 0 0.447214 0 0 
0 0 0 0.894427 0 0.447214 0 0 0 
0 0 0 0.894427 0.447214 0 0 0 0 
0 0 0 1 0 0 0 0 0 
0 0 0.447214 0 0 0 0 0 0.894427 
0 0 0.57735 0 0 0 0 0.57735 0.57735 
0 0 0.447214 0 0 0 0 0.894427 0 
0 0 0.57735 0 0 0 0.57735 0 0.57735 
0 0 0.57735 0 0 0 0.57735 0.57735 0 
0 0 0.447214 0 0 0 0.894427 0 0 
0 0 0.57735 0 0 0.57735 0 0 0.57735 
0 0 0.57735 0 0 0.57735 0 0.57735 0 
0 0 0.57735 0 0 0.57735 0.57735 0 0 
0 0 0.447214 0 0 0.894427 0 0 0 
0 0 0.57735 0 0.57735 0 0 0 0.57735 
0 0 0.57735 0 0.57735 0 0 0.57735 0 
0 0 0.57735 0 0.57735 0 0.57735 0 0 
0 0 0.57735 0 0.57735 0.57735 0 0 0 
0 0 0.447214 0 0.894427 0 0 0 0 
0 0 0.57735 0.57735 0 0 0 0 0.57735 
0 0 0.57735 0.57735 0 0 0 0.57735 0 
0 0 0.57735 0.57735 0 0 0.57735 0 0 
0 0 0.57735 0.57735 0 0.57735 0 0 0 
0 0 0.57735 0.57735 0.57735 0 0 0 0 
0 0 0.447214 0.894427 0 0 0 0 0 
0 0 0.894427 0 0 0 0 0 0.447214 
0 0 0.894427 0 0 0 0 0.447214 0 
0 0 0.894427 0 0 0 0.447214 0 0 
0 0 0.894427 0 0 0.447214 0 0 0 
0 0 0.894427 0 0.447214 0 0 0 0 
0 0 0.894427 0.447214 0 0 0 0 0 
0 0 1 0 0 0 0 0 0 
0 0.447214 0 0 0 0 0 0 0.894427 
0 0.57735 0 0 0 0 0 0.57735 0.57735 
0 0.447214 0 0 0 0 0 0.894427 0 
0 0.57735 0 0 0 0 0.57735 0 0.57735 
0 0.57735 0 0 0 0 0.57735 0.57735 0 
0 0.447214 0 0 0 0 0.894427 0 0 
0 0.57735 0 0 0 0.57735 0 0 0.57735 
0 0.57735 0 0 0 0.57735 0 0.57735 0 
0 0.57735 0 0 0 0.57735 0.57735 0 0 
0 0.447214 0 0 0 0.894427 0 0 0 
0 0.57735 0 0 0.57735 0 0 0 0.57735 
0 0.57735 0 0 0.57735 0 0 0.57735 0 
0 0.57735 0 0 0.57735 0 0.57735 0 0 
0 0.57735 0 0 0.57735 0.57735 0 0 0 
0 0.447214 0 0 0.894427 0 0 0 0 
0 0.57735 0 0.57735 0 0 0 0 0.57735 
0 0.57735 0 0.57735 0 0 0 0.57735 0 
0 0.57735 0 0.57735 0 0 0.57735 0 0 
0 0.57735 0 0.57735 0 0.57735 0 0 0 
0 0.57735 0 0.57735 0.57735 0 0 0 0 
0 0.447214 0 0.894427 0 0 0 0 0 
0 0.57735 0.57735 0 0 0 0 0 0.57735 
0 0.57735 0.57735 0 0 0 0 0.57735 0 
0 0.57735 0.57735 0 0 0 0.57735 0 0 
0 0.57735 0.57735 0 0 0.57735 0 0 0 
0 0.57735 0.57735 0 0.57735 0 0 0 0 
0 0.57735 0.57735 0.57735 0 0 0 0 0 
0 0.447214 0.894427 0 0 0 0 0 0 
0 0.894427 0 0 0 0 0 0 0.447214 
0 0.894427 0 0 0 0 0 0.447214 0 
0 0.894427 0 0 0 0 0.447214 0 0 
0 0.894427 0 0 0 0.447214 0 0 0 
0 0.894427 0 0 0.447214 0 0 0 0 
0 0.894427 0 0.447214 0 0 0 0 0 
0 0.894427 0.447214 0 0 0 0 0 0 
0 1 0 0 0 0 0 0 0 
0.447214 0 0 0 0 0 0 0 0.894427 
0.57735 0 0 0 0 0 0 0.57735 0.57735 
0.447214 0 0 0 0 0 0 0.894427 0 
0.57735 0 0 0 0 0 0.57735 0 0.57735 
0.57735 0 0 0 0 0 0.57735 0.57735 0 
0.447214 0 0 0 0 0 0.894427 0 0 
0.57735 0 0 0 0 0.57735 0 0 0.57735 
0.57735 0 0 0 0 0.57735 0 0.57735 0 
0.57735 0 0 0 0 0.57735 0.57735 0 0 
0.447214 0 0 0 0 0.894427 0 0 0 
0.57735 0 0 0 0.57735 0 0 0 0.57735 
0.57735 0 0 0 0.57735 0 0 0.57735 0 
0.57735 0 0 0 0.57735 0 0.57735 0 0 
0.57735 0 0 0 0.57735 0.57735 0 0 0 
0.447214 0 0 0 0.894427 0 0 0 0 
0.57735 0 0 0.57735 0 0 0 0 0.57735 
0.57735 0 0 0.57735 0 0 0 0.57735 0 
0.57735 0 0 0.57735 0 0 0.57735 0 0 
0.57735 0 0 0.57735 0 0.57735 0 0 0 
0.57735 0 0 0.57735 0.57735 0 0 0 0 
0.447214 0 0 0.894427 0 0 0 0 0 
0.57735 0 0.57735 0 0 0 0 0 0.57735 
0.57735 0 0.57735 0 0 0 0 0.57735 0 
0.57735 0 0.57735 0 0 0 0.57735 0 0 
0.57735 0 0.57735 0 0 0.57735 0 0 0 
0.57735 0 0.57735 0 0.57735 0 0 0 0 
0.57735 0 0.57735 0.57735 0 0 0 0 0 
0.447214 0 0.894427 0 0 0 0 0 0 
0.57735 0.57735 0 0 0 0 0 0 0.57735 
0.57735 0.57735 0 0 0 0 0 0.57735 0 
0.57735 0.57735 0 0 0 0 0.57735 0 0 
0.57735 0.57735 0 0 0 0.57735 0 0 0 
0.57735 0.57735 0 0 0.57735 0 0 0 0 
0.57735 0.57735 0 0.57735 0 0 0 0 0 
0.57735 0.57735 0.57735 0 0 0 0 0 0 
0.447214 0.894427 0 0 0 0 0 0 0 
0.894427 0 0 0 0 0 0 0 0.447214 
0.894427 0 0 0 0 0 0 0.447214 0 
0.894427 0 0 0 0 0 0.447214 0 0 
0.894427 0 0 0 0 0.447214 0 0 0 
0.894427 0 0 0 0.447214 0 0 0 0 
0.894427 0 0 0.447214 0 0 0 0 0 
0.894427 0 0.447214 0 0 0 0 0 0 
0.894427 0.447214 0 0 0 0 0 0 0 
1 0 0 0 0 0 0 0 0 
0.096225 0.096225 0.096225 0.096225 0.096225 0.096225 0.096225 0.096225 0.96225 
0.121716 0.121716 0.121716 0.121716 0.121716 0.121716 0.121716 0.669439 0.669439 
0.096225 0.096225 0.096225 0.096225 0.096225 0.096225 0.096225 0.96225 0.096225 
0.121716 0.121716 0.121716 0.121716 0.121716 0.121716 0.669439 0.121716 0.669439 
0.121716 0.121716 0.121716 0.121716 0.121716 0.121716 0.669439 0.669439 0.121716 
0.096225 0.096225 0.096225 0.096225 0.096225 0.096225 0.96225 0.096225 0.096225 
0.121716 0.121716 0.121716 0.121716 0.121716 0.669439 0.121716 0.121716 0.669439 
0.121716 0.121716 0.121716 0.121716 0.121716 0.669439 0.121716 0.669439 0.121716 
0.121716 0.121716 0.121716 0.121716 0.121716 0.669439 0.669439 0.121716 0.121716 
0.096225 0.096225 0.096225 0.096225 0.096225 0.96225 0.096225 0.096225 0.096225 
0.121716 0.121716 0.121716 0.121716 0.669439 0.121716 0.121716 0.121716 0.669439 
0.121716 0.121716 0.121716 0.121716 0.669439 0.121716 0.121716 0.669439 0.121716 
0.121716 0.121716 0.121716 0.121716 0.669439 0.121716 0.669439 0.121716 0.121716 
0.121716 0.121716 0.121716 0.121716 0.669439 0.669439 0.121716 0.121716 0.121716 
0.096225 0.096225 0.096225 0.096225 0.96225 0.096225 0.096225 0.096225 0.096225 
0.121716 0.121716 0.121716 0.669439 0.121716 0.121716 0.121716 0.121716 0.669439 
0.121716 0.121716 0.121716 0.669439 0.121716 0.121716 0.121716 0.669439 0.121716 
0.121716 0.121716 0.121716 0.669439 0.121716 0.121716 0.669439 0.121716 0.121716 
0.121716 0.121716 0.121716 0.669439 0.121716 0.669439 0.121716 0.121716 0.121716 
0.121716 0.121716 0.121716 0.669439 0.669439 0.121716 0.121716 0.121716 0.121716 
0.096225 0.096225 0.096225 0.96225 0.096225 0.096225 0.096225 0.096225 0.096225 
0.121716 0.121716 0.669439 0.121716 0.121716 0.121716 0.121716 0.121716 0.669439 
0.121716 0.121716 0.669439 0.121716 0.121716 0.121716 0.121716 0.669439 0.121716 
0.121716 0.121716 0.669439 0.121716 0.121716 0.121716 0.669439 0.121716 0.121716 
0.121716 0.121716 0.669439 0.121716 0.121716 0.669439 0.121716 0.121716 0.121716 
0.121716 0.121716 0.669439 0.121716 0.669439 0.121716 0.121716 0.121716 0.121716 
0.121716 0.121716 0.669439 0.669439 0.121716 0.121716 0.121716 0.121716 0.121716 
0.096225 0.096225 0.96225 0.096225 0.096225 0.096225 0.096225 0.096225 0.096225 
0.121716 0.669439 0.121716 0.121716 0.121716 0.121716 0.121716 0.121716 0.669439 
0.121716 0.669439 0.121716 0.121716 0.121716 0.121716 0.121716 0.669439 0.121716 
0.121716 0.669439 0.121716 0.121716 0.121716 0.121716 0.669439 0.121716 0.121716 
0.121716 0.669439 0.121716 0.121716 0.121716 0.669439 0.121716 0.121716 0.121716 
0.121716 0.669439 0.121716 0.121716 0.669439 0.121716 0.121716 0.121716 0.121716 
0.121716 0.669439 0.121716 0.669439 0.121716 0.121716 0.121716 0.121716 0.121716 
0.121716 0.669439 0.669439 0.121716 0.121716 0.121716 0.121716 0.121716 0.121716 
0.096225 0.96225 0.096225 0.096225 0.096225 0.096225 0.096225 0.096225 0.096225 
0.669439 0.121716 0.121716 0.121716 0.121716 0.121716 0.121716 0.121716 0.669439 
0.669439 0.121716 0.121716 0.121716 0.121716 0.121716 0.121716 0.669439 0.121716 
0.669439 0.121716 0.121716 0.121716 0.121716 0.121716 0.669439 0.121716 0.121716 
0.669439 0.121716 0.121716 0.121716 0.121716 0.669439 0.121716 0.121716 0.121716 
0.669439 0.121716 0.121716 0.121716 0.669439 0.121716 0.121716 0.121716 0.121716 
0.669439 0.121716 0.121716 0.669439 0.121716 0.121716 0.121716 0.121716 0.121716 
0.669439 0.121716 0.669439 0.121716 0.121716 0.121716 0.121716 0.121716 0.121716 
0.669439 0.669439 0.121716 0.121716 0.121716 0.121716 0.121716 0.121716 0.121716 
0.96225 0.096225 0.096225 0.096225 0.096225 0.096225 0.096225 0.096225 0.096225 
