0 0 0 1 
0 0 0.141421 0.989949 
0 0 0.316228 0.948683 
0 0 0.514496 0.857493 
0 0 0.707107 0.707107 
0 0 0.857493 0.514496 
0 0 0.948683 0.316228 
0 0 0.989949 0.141421 
0 0 1 0 
0 0.141421 0 0.989949 
0 0.162221 0.162221 0.973329 
0 0.182574 0.365148 0.912871 
0 0.196116 0.588348 0.784465 
0 0.196116 0.784465 0.588348 
0 0.182574 0.912871 0.365148 
0 0.162221 0.973329 0.162221 
0 0.141421 0.989949 0 
0 0.316228 0 0.948683 
0 0.365148 0.182574 0.912871 
0 0.408248 0.408248 0.816497 
0 0.426401 0.639602 0.639602 
0 0.408248 0.816497 0.408248 
0 0.365148 0.912871 0.182574 
0 0.316228 0.948683 0 
0 0.514496 0 0.857493 
0 0.588348 0.196116 0.784465 
0 0.639602 0.426401 0.639602 
0 0.639602 0.639602 0.426401 
0 0.588348 0.784465 0.196116 
0 0.514496 0.857493 0 
0 0.707107 0 0.707107 
0 0.784465 0.196116 0.588348 
0 0.816497 0.408248 0.408248 
0 0.784465 0.588348 0.196116 
0 0.707107 0.707107 0 
0 0.857493 0 0.514496 
0 0.912871 0.182574 0.365148 
0 0.912871 0.365148 0.182574 
0 0.857493 0.514496 0 
0 0.948683 0 0.316228 
0 0.973329 0.162221 0.162221 
0 0.948683 0.316228 0 
0 0.989949 0 0.141421 
0 0.989949 0.141421 0 
0 1 0 0 
0.141421 0 0 0.989949 
0.162221 0 0.162221 0.973329 
0.182574 0 0.365148 0.912871 
0.196116 0 0.588348 0.784465 
0.196116 0 0.784465 0.588348 
0.182574 0 0.912871 0.365148 
0.162221 0 0.973329 0.162221 
0.141421 0 0.989949 0 
0.162221 0.162221 0 0.973329 
0.188982 0.188982 0.188982 0.944911 
0.213201 0.213201 0.426401 0.852803 
0.223607 0.223607 0.67082 0.67082 
0.213201 0.213201 0.852803 0.426401 
0.188982 0.188982 0.944911 0.188982 
0.162221 0.162221 0.973329 0 
0.182574 0.365148 0 0.912871 
0.213201 0.426401 0.213201 0.852803 
0.235702 0.471405 0.471405 0.707107 
0.235702 0.471405 0.707107 0.471405 
0.213201 0.426401 0.852803 0.213201 
0.182574 0.365148 0.912871 0 
0.196116 0.588348 0 0.784465 
0.223607 0.67082 0.223607 0.67082 
0.235702 0.707107 0.471405 0.471405 
0.223607 0.67082 0.67082 0.223607 
0.196116 0.588348 0.784465 0 
0.196116 0.784465 0 0.588348 
0.213201 0.852803 0.213201 0.426401 
0.213201 0.852803 0.426401 0.213201 
0.196116 0.784465 0.588348 0 
0.182574 0.912871 0 0.365148 
0.188982 0.944911 0.188982 0.188982 
0.182574 0.912871 0.365148 0 
0.162221 0.973329 0 0.162221 
0.162221 0.973329 0.162221 0 
0.141421 0.989949 0 0 
0.316228 0 0 0.948683 
0.365148 0 0.182574 0.912871 
0.408248 0 0.408248 0.816497 
0.426401 0 0.639602 0.639602 
0.408248 0 0.816497 0.408248 
0.365148 0 0.912871 0.182574 
0.316228 0 0.948683 0 
0.365148 0.182574 0 0.912871 
0.426401 0.213201 0.213201 0.852803 
0.471405 0.235702 0.471405 0.707107 
0.471405 0.235702 0.707107 0.471405 
0.426401 0.213201 0.852803 0.213201 
0.365148 0.182574 0.912871 0 
0.408248 0.408248 0 0.816497 
0.471405 0.471405 0.235702 0.707107 
0.5 0.5 0.5 0.5 
0.471405 0.471405 0.707107 0.235702 
0.408248 0.408248 0.816497 0 
0.426401 0.639602 0 0.639602 
0.471405 0.707107 0.235702 0.471405 
0.471405 0.707107 0.471405 0.235702 
0.426401 0.639602 0.639602 0 
0.408248 0.816497 0 0.408248 
0.426401 0.852803 0.213201 0.213201 
0.408248 0.816497 0.408248 0 
0.365148 0.912871 0 0.182574 
0.365148 0.912871 0.182574 0 
0.316228 0.948683 0 0 
0.514496 0 0 0.857493 
0.588348 0 0.196116 0.784465 
0.639602 0 0.426401 0.639602 
0.639602 0 0.639602 0.426401 
0.588348 0 0.784465 0.196116 
0.514496 0 0.857493 0 
0.588348 0.196116 0 0.784465 
0.67082 0.223607 0.223607 0.67082 
0.707107 0.235702 0.471405 0.471405 
0.67082 0.223607 0.67082 0.223607 
0.588348 0.196116 0.784465 0 
0.639602 0.426401 0 0.639602 
0.707107 0.471405 0.235702 0.471405 
0.707107 0.471405 0.471405 0.235702 
0.639602 0.426401 0.639602 0 
0.639602 0.639602 0 0.426401 
0.67082 0.67082 0.223607 0.223607 
0.639602 0.639602 0.426401 0 
0.588348 0.784465 0 0.196116 
0.588348 0.784465 0.196116 0 
0.514496 0.857493 0 0 
0.707107 0 0 0.707107 
0.784465 0 0.196116 0.588348 
0.816497 0 0.408248 0.408248 
0.784465 0 0.588348 0.196116 
0.707107 0 0.707107 0 
0.784465 0.196116 0 0.588348 
0.852803 0.213201 0.213201 0.426401 
0.852803 0.213201 0.426401 0.213201 
0.784465 0.196116 0.588348 0 
0.816497 0.408248 0 0.408248 
0.852803 0.426401 0.213201 0.213201 
0.816497 0.408248 0.408248 0 
0.784465 0.588348 0 0.196116 
0.784465 0.588348 0.196116 0 
0.707107 0.707107 0 0 
0.857493 0 0 0.514496 
0.912871 0 0.182574 0.365148 
0.912871 0 0.365148 0.182574 
0.857493 0 0.514496 0 
0.912871 0.182574 0 0.365148 
0.944911 0.188982 0.188982 0.188982 
0.912871 0.182574 0.365148 0 
0.912871 0.365148 0 0.182574 
0.912871 0.365148 0.182574 0 
0.857493 0.514496 0 0 
0.948683 0 0 0.316228 
0.973329 0 0.162221 0.162221 
0.948683 0 0.316228 0 
0.973329 0.162221 0 0.162221 
0.973329 0.162221 0.162221 0 
0.948683 0.316228 0 0 
0.989949 0 0 0.141421 
0.989949 0 0.141421 0 
0.989949 0.141421 0 0 
1 0 0 0 
