0 0 0 0 0 0 1 
0 0 0 0 0 0.447214 0.894427 
0 0 0 0 0 0.894427 0.447214 
0 0 0 0 0 1 0 
0 0 0 0 0.447214 0 0.894427 
0 0 0 0 0.57735 0.57735 0.57735 
0 0 0 0 0.447214 0.894427 0 
0 0 0 0 0.894427 0 0.447214 
0 0 0 0 0.894427 0.447214 0 
0 0 0 0 1 0 0 
0 0 0 0.447214 0 0 0.894427 
0 0 0 0.57735 0 0.57735 0.57735 
0 0 0 0.447214 0 0.894427 0 
0 0 0 0.57735 0.57735 0 0.57735 
0 0 0 0.57735 0.57735 0.57735 0 
0 0 0 0.447214 0.894427 0 0 
0 0 0 0.894427 0 0 0.447214 
0 0 0 0.894427 0 0.447214 0 
0 0 0 0.894427 0.447214 0 0 
0 0 0 1 0 0 0 
0 0 0.447214 0 0 0 0.894427 
0 0 0.57735 0 0 0.57735 0.57735 
0 0 0.447214 0 0 0.894427 0 
0 0 0.57735 0 0.57735 0 0.57735 
0 0 0.57735 0 0.57735 0.57735 0 
0 0 0.447214 0 0.894427 0 0 
0 0 0.57735 0.57735 0 0 0.57735 
0 0 0.57735 0.57735 0 0.57735 0 
0 0 0.57735 0.57735 0.57735 0 0 
0 0 0.447214 0.894427 0 0 0 
0 0 0.894427 0 0 0 0.447214 
0 0 0.894427 0 0 0.447214 0 
0 0 0.894427 0 0.447214 0 0 
0 0 0.894427 0.447214 0 0 0 
0 0 1 0 0 0 0 
0 0.447214 0 0 0 0 0.894427 
0 0.57735 0 0 0 0.57735 0.57735 
0 0.447214 0 0 0 0.894427 0 
0 0.57735 0 0 0.57735 0 0.57735 
0 0.57735 0 0 0.57735 0.57735 0 
0 0.447214 0 0 0.894427 0 0 
0 0.57735 0 0.57735 0 0 0.57735 
0 0.57735 0 0.57735 0 0.57735 0 
0 0.57735 0 0.57735 0.57735 0 0 
0 0.447214 0 0.894427 0 0 0 
0 0.57735 0.57735 0 0 0 0.57735 
0 0.57735 0.57735 0 0 0.57735 0 
0 0.57735 0.57735 0 0.57735 0 0 
0 0.57735 0.57735 0.57735 0 0 0 
0 0.447214 0.894427 0 0 0 0 
0 0.894427 0 0 0 0 0.447214 
0 0.894427 0 0 0 0.447214 0 
0 0.894427 0 0 0.447214 0 0 
0 0.894427 0 0.447214 0 0 0 
0 0.894427 0.447214 0 0 0 0 
0 1 0 0 0 0 0 
0.447214 0 0 0 0 0 0.894427 
0.57735 0 0 0 0 0.57735 0.57735 
0.447214 0 0 0 0 0.894427 0 
0.57735 0 0 0 0.57735 0 0.57735 
0.57735 0 0 0 0.57735 0.57735 0 
0.447214 0 0 0 0.894427 0 0 
0.57735 0 0 0.57735 0 0 0.57735 
0.57735 0 0 0.57735 0 0.57735 0 
0.57735 0 0 0.57735 0.57735 0 0 
0.447214 0 0 0.894427 0 0 0 
0.57735 0 0.57735 0 0 0 0.57735 
0.57735 0 0.57735 0 0 0.57735 0 
0.57735 0 0.57735 0 0.57735 0 0 
0.57735 0 0.57735 0.57735 0 0 0 
0.447214 0 0.894427 0 0 0 0 
0.57735 0.57735 0 0 0 0 0.57735 
0.57735 0.57735 0 0 0 0.57735 0 
0.57735 0.57735 0 0 0.57735 0 0 
0.57735 0.57735 0 0.57735 0 0 0 
0.57735 0.57735 0.57735 0 0 0 0 
0.447214 0.894427 0 0 0 0 0 
0.894427 0 0 0 0 0 0.447214 
0.894427 0 0 0 0 0.447214 0 
0.894427 0 0 0 0.447214 0 0 
0.894427 0 0 0.447214 0 0 0 
0.894427 0 0.447214 0 0 0 0 
0.894427 0.447214 0 0 0 0 0 
1 0 0 0 0 0 0 
0.119523 0.119523 0.119523 0.119523 0.119523 0.119523 0.956183 
0.14825 0.14825 0.14825 0.14825 0.14825 0.667124 0.667124 
0.119523 0.119523 0.119523 0.119523 0.119523 0.956183 0.119523 
0.14825 0.14825 0.14825 0.14825 0.667124 0.14825 0.667124 
0.14825 0.14825 0.14825 0.14825 0.667124 0.667124 0.14825 
0.119523 0.119523 0.119523 0.119523 0.956183 0.119523 0.119523 
0.14825 0.14825 0.14825 0.667124 0.14825 0.14825 0.667124 
0.14825 0.14825 0.14825 0.667124 0.14825 0.667124 0.14825 
0.14825 0.14825 0.14825 0.667124 0.667124 0.14825 0.14825 
0.119523 0.119523 0.119523 0.956183 0.119523 0.119523 0.119523 
0.14825 0.14825 0.667124 0.14825 0.14825 0.14825 0.667124 
0.14825 0.14825 0.667124 0.14825 0.14825 0.667124 0.14825 
0.14825 0.14825 0.667124 0.14825 0.667124 0.14825 0.14825 
0.14825 0.14825 0.667124 0.667124 0.14825 0.14825 0.14825 
0.119523 0.119523 0.956183 0.119523 0.119523 0.119523 0.119523 
0.14825 0.667124 0.14825 0.14825 0.14825 0.14825 0.667124 
0.14825 0.667124 0.14825 0.14825 0.14825 0.667124 0.14825 
0.14825 0.667124 0.14825 0.14825 0.667124 0.14825 0.14825 
0.14825 0.667124 0.14825 0.667124 0.14825 0.14825 0.14825 
0.14825 0.667124 0.667124 0.14825 0.14825 0.14825 0.14825 
0.119523 0.956183 0.119523 0.119523 0.119523 0.119523 0.119523 
0.667124 0.14825 0.14825 0.14825 0.14825 0.14825 0.667124 
0.667124 0.14825 0.14825 0.14825 0.14825 0.667124 0.14825 
0.667124 0.14825 0.14825 0.14825 0.667124 0.14825 0.14825 
0.667124 0.14825 0.14825 0.667124 0.14825 0.14825 0.14825 
0.667124 0.14825 0.667124 0.14825 0.14825 0.14825 0.14825 
0.667124 0.667124 0.14825 0.14825 0.14825 0.14825 0.14825 
0.956183 0.119523 0.119523 0.119523 0.119523 0.119523 0.119523 
